10

0     250   210  70   300   0      0     0    380   0   
250  0     50     250 110   0     160  0   80     0
210 50    0       210 150   0 230      0   200      0   
70   250  210   0     240   0     0      0     0      390
300 110  150  240   0      0    0       0    280 150
0      0     0      0      0      0     80  140 130  0   
0    160   230  0      0     80  0      0      30    0
0      0     0     0      0     140  0       0      0    450  
380 80    200  0      280  130 30     0    0       0   
0      0     0     390   150   0    0     450   0     0