10

0西操 100 50
1思源楼 210 300
2知行碑 210 150
3学活 30 370
4校史馆 140  350
5图书馆 320 270
6明湖 230 250
7逸夫楼 430 280
8爱知亭 230 200
9南门小树林 210 480

0     250 210 70   300 500 390 660 380 460
250  0    50   250 110 210 160 330 80   210
210 50    0    210 150 270 230 410 210 300
70   250 210  0    240 450 400 580 430 390
300 110 150 240 0     290 250 440 280 150
500 210 270 450 290 0     110 140 130 370
390 160 230 400 250 110  0    250 30   340
660 330 410 580 440 140  250 0    260 450
380 80   210 430 280 130 30   260 0     360
460 210 300 390 150 370 340 450  360  0